_XK=0.600000
maxx=512.000000
_XB=0.200000
maxy=384.000000
_YB=0.130000
_YK=0.800000
_BEFORE_RESTART=1.000000
_PRE_LEFT_MILLSEC=0.000000
